111111111111111111111111111111111111111111111111111111111111111111111111111111111111111111111111111111111111111111111111111111111111111111111111111111111111111111111111111111111111111111111111111111111
111111111111111111111111111111111111111111111111111111111111111111111111111111111111111111111111111111111111111111111111111111811111111111111111111111111111111111111111111111111111111111111111111111111
111111111111111111111111111111111111111111111111111111111111111111111111111111111111111111111111111111111111111111111111111111111111111111111111111111111111111111111111111111111111111111111111111111111
111111111111111111111111111111111111111111111111111111111111111111111111111111111111111111111111111111111111111111111111111111111111111111111111111111111111111111111111111111111111111111111111111111111
111111111111111111111111111111111111111111111111111111111111111111111111111111111111111111111111111111111111111111111111111111111111111111111111111111111111111111111111111111111111111111111111111111111
111111111111111111111111111111111111111111111111111111111111111111111111111111111111111111111111111111111111111111111111111111111111111111111111111111111111111111111111111111111111111111111111111111111
111111111111111111111111111111111111111111111111111111111111111111111111111111111111111111111111111111111111111111111111111111111111111111111111111111111111111111111111111111111111111111111111111111111
111111111111111111111111111111111111111111111111111111111111111111111111111111111111111111111111111111111111111111111111111111111111111111111111111111111111111111111111111111111111111111111111111111111
111111111111111111111111111111111111111111111111111111111111111111111111111111111111111111111111111111111111111111111111111111111111111111111111111111111111111111111111111111111111111111111111111111111
111111111111111111111111111111111111111111111111111111111111111111111111111111111111111111111111111111111111111111111111111111111111111111111111111111111111111111111111111111111111111111111111111111111
111111111111111111111111111111111111111111111111111111111111111111111111111111111111111111111111111111111111111111111118181111111111111111111111111111111111111111111111111111111111111111111111111111111
111111111111111111111111111111111111111111111111111111111111111111111111111111111111111111111111111111111111111111118188111111111111111111111111111111111111111111111111111111111111111111111111111111111
111111111111111111111111111111111111111111111111111111111111111111111111111111111111111111111111111111111111111111111888881111111111111111111111111111111111111111111111111111111111111111111111111111111
111111111111111111111111111111111111111111111111111111111111111111111111111111111111111111111111111111111111111111118888881111111111111111111111111111111111111111111111111111111111111111111111111111111
111111111111111111111111111111111111111111111111111111111111111111111111111111111111111111111111111111111111111111111888881111111111111111111111111111111111111111111111111111111111111111111111111111111
111111111111111111111111111111111111111111111111111111111111111111111111111111111111111111111111111111111111111111111888811111111111111111111111111111111111111111111111111111111111111111111111111111111
111111111111111111111111111111111111111111111111111111111111111111111111111111111111111111111111111111111181111188888888881118111111111111111111111111111111111111111111111111111111111111111111111111111
111111111111111111111111111111111111111111111111111111111111111111111111111111111111111111111111111111111111111188888888888181111111111111111111111111111111111111111111111111111111111111111111111111111
111111111111111111111111111111111111111111111111111111111111111111111111111111111111111111111111111111111118881888888888888881111111111111111111111111111111111111111111111111111111111111111111111111111
111111111111111111111111111111111111111111111111111111111111111111111111111111111111111111111111111111111111888888888888888888111111111111111111111111111111111111111111111111111111111111111111111111111
111111111111111111111111111111111111111111111111111111111111111111111111111111111111111111111111111111111111188888888888888888888111111111111111111111111111111111111111111111111111111111111111111111111
111111111111111111111111111111111111111111111111111111111111111111111111111111111111111111111111111111111111188888888888888888888111111111111111111111111111111111111111111111111111111111111111111111111
111111111111111111111111111111111111111111111111111111111111111111111111111111111111111111111111111111111111888888888888888888881111111111111111111111111111111111111111111111111111111111111111111111111
111111111111111111111111111111111111111111111111111111111111111111111111111111111111111111111111111111111811888888888888888888881111111111111111111111111111111111111111111111111111111111111111111111111
111111111111111111111111111111111111111111111111111111111111111111111111111111111111111111111111111111111118888888888888888888881111111111111111111111111111111111111111111111111111111111111111111111111
111111111111111111111111111111111111111111111111111111111111111111111111111111111111111111111111111111111118888888888888888888888118111111111111111111111111111111111111111111111111111111111111111111111
111111111111111111111111111111111111111111111111111111111111111111111111111111111111111111111111111111111111888888888888888888888111111111111111111111111111111111111111111111111111111111111111111111111
111111111111111111111111111111111111111111111111111111111111111111111111111111111111111111111111111111111111888888888888888888881111111111111111111111111111111111111111111111111111111111111111111111111
111111111111111111111111111111111111111111111111111111111111111111111111111111111111111111111111111111111118888888888888888888881111111111111111111111111111111111111111111111111111111111111111111111111
111111111111111111111111111111111111111111111111111111111111111111111111111111111111111111111111111111111111188888888888888888881111111111111111111111111111111111111111111111111111111111111111111111111
111111111111111111111111111111111111111111111111111111111111111111111111111111111111111111111111111111111111888888888888888888811111111111111111111111111111111111111111111111111111111111111111111111111
111111111111111111111111111111111111111111111111111111111111111111111111111111111111111111111111111111111111118888888888888888111111111111111111111111111111111111111111111111111111111111111111111111111
111111111111111111111111111111111111111111111111111111111111111111111111111111111111111111111111111111111111111888888888888881111111111111111111111111111111111111111111111111111111111111111111111111111
111111111111111111111111111111111111111111111111111111111111111111111111111118111111111111111111111188111111111188888888888811111118111111111111811111111111111111111111111111111111111111111111111111111
111111111111111111111111111111111111111111111111111111111111111111111111111181111111111111111181111181118111111111888888888111181111111888111188111111111111111111111111111111111111111111111111111111111
111111111111111111111111111111111111111111111111111111111111111111111111811811111111111111881888111188118188818888888888888888881818111818111111181111111111111111111181111111111111111111111111111111111
111111111111111111111111111111111111111111111111111111111111111111111111118111111181111111111881111888188888888888888888888888888888881881111818818811111111111111111111111111111111111111111111111111111
111111111111111111111111111111111111111111111111111111111111111111111111818818111111111111111888888188888888888888888888888888888888888881811888811111111111111111111111111111111111111111111111111111111
111111111111111111111111111111111111111111111111111111111111111111111111111188111111111111118888888888888888888888888888888888888888888888811888881111111111111111111111111111111111111111111111111111111
111111111111111111111111111111111111111111111111111111111111111111111111111188818811111118118888888888888888888888888888888888888888888888888888811111111111111111111111111111111111111111111111111111111
111111111111111111111111111111111111111111111111111111111111111111111111118188888888111188188888888888888888888888888888888888888888888888888888811111111111111111111111111111111111111111111111111111111
111111111111111111111111111111111111111111111111111111111111111111111111111188888888111188888888888888888888888888888888888888888888888888888888888188111111118811111111111111111111111111111111111111111
111111111111111111111111111111111111111111111111111111111111111111111111111888888888118888888888888888888888888888888888888888888888888888888888888888111111188881888811111111111111111111111111111111111
111111111111111111111111111111111111111111111111111111111111111111111111111188888888818888888888888888888888888888888888888888888888888888888888888881111188888888888111111111111111111111111111111111111
111111111111111111111111111111111111111111111111111111111111111111111111888888888888188888888888888888888888888888888888888888888888888888888888888881811188888888888111111111111111111111111111111111111
111111111111111111111111111111111111111111111111111111111111111111111111181188888888888888888888888888888888888888888888888888888888888888888888888888881188888888811111111111111111111111111111111111111
111111111111111111111111111111111111111111111111111111111111111111111111111888888888888888888888888888888888888888888888888888888888888888888888888888888188888888881111111111111111111111111111111111111
111111111111111111111111111111111111111111111111111111111111111111111111111888888888888888888888888888888888888888888888888888888888888888888888888888888888888888881111111111111111111111111111111111111
111111111111111111111111111111111111111111111111111111111111111111111111111111118888888888888888888888888888888888888888888888888888888888888888888888888888888888881111111111111111111111111111111111111
111111111111111111111111111111111111111111111111111111111111111111111111111118888888888888888888888888888888888888888888888888888888888888888888888888888888888888881111111111111111111111111111111111111
111111111111111111111111111111111111111111111111111111111111111111111111111818888888888888888888888888888888888888888888888888888888888888888888888888888888888888811111111111111111111111111111111111111
111111111111111111111111111111111111111111111111111111111111111111111111811188888888888888888888888888888888888888888888888888888888888888888888888888888888888881811111111111111111111111111111111111111
111111111111111111111111111111111111111111111111111111111111111111111118188888888888888888888888888888888888888888888888888888888888888888888888888888888888881111111111111111111111111111111111111111111
111111111111111111111111111111111111111111111111111111111111111181111111888888888888888888888888888888888888888888888888888888888888888888888888888888888888888811111111111111111111111111111111111111111
111111111111111111111111111111111111111111111111111111111111111111118118888888888888888888888888888888888888888888888888888888888888888888888888888888888888888881111111111111111111111111111111111111111
111111111111111111111111111111111111111111111111111111111111181188888811888888888888888888888888888888888888888888888888888888888888888888888888888888888888888888811111111111111111111111111111111111111
111111111111111111111111111111111111111111111111111111111111111188888818888888888888888888888888888888888888888888888888888888888888888888888888888888888888888888118111111111111111111111111111111111111
111111111111111111111111111111111111111111111111111111111111118118888818888888888888888888888888888888888888888888888888888888888888888888888888888888888888888888811111111111111111111111111111111111111
111111111111111111111111111111111111111111111111111111111111111118888888888888888888888888888888888888888888888888888888888888888888888888888888888888888888888888888811111111111111111111111111111111111
111111111111111111111111111111111111111111111111111111111111111181888888888888888888888888888888888888888888888888888888888888888888888888888888888888888888888888888111111111111111111111111111111111111
111111111111111111111111111111111111111111111111111111111111111111118888888888888888888888888888888888888888888888888888888888888888888888888888888888888888888888881111111111111111111111111111111111111
111111111111111111111111111111111111111111111111111111111111111111888888888888888888888888888888888888888888888888888888888888888888888888888888888888888888888888881811111111111111111111111111111111111
111111111111111111111111111111111111111111111111111111111111811188188888888888888888888888888888888888888888888888888888888888888888888888888888888888888888888888888111111111111111111111111111111111111
111111111111111111111111111111111111111111111111111111111111111118888888888888888888888888888888888888888888888888888888888888888888888888888888888888888888888888888811811111111111111111111111111111111
111111111111111111111111111111111111111111111111111111111811818118888888888888888888888888888888888888888888888888888888888888888888888888888888888888888888888888888818881111111111111111111111111111111
111111111111111111111111111111111111111111111111111111111188888818888888888888888888888888888888888888888888888888888888888888888888888888888888888888888888888888888888888111118111111111111111111111111
111111111111111111111111111111111111111111111111111111111111188888888888888888888888888888888888888888888888888888888888888888888888888888888888888888888888888888888888888881111111111111111111111111111
111111111111111111111111111111111111111111111111111111111111188888888888888888888888888888888888888888888888888888888888888888888888888888888888888888888888888888888888888881111111111111111111111111111
111111111111111111111111111111111111111111111111111111111111111888888888888888888888888888888888888888888888888888888888888888888888888888888888888888888888888888888888888111111111111111111111111111111
111111111111111111111111111111111111111111111111111111111188181888888888888888888888888888888888888888888888888888888888888888888888888888888888888888888888888888888888181811111111111111111111111111111
111111111111111111111111111111111111111111111111111111111111118888888888888888888888888888888888888888888888888888888888888888888888888888888888888888888888888888888888111111111111111111111111111111111
111111111111118111111111111111811111111111111111111111118888888888888888888888888888888888888888888888888888888888888888888888888888888888888888888888888888888888888888811111111111111111111111111111111
111111111111118811811111111188818111118111111111111111111118888888888888888888888888888888888888888888888888888888888888888888888888888888888888888888888888888888888888111111111111111111111111111111111
111111111111118888181118111188888111111811111111111111111118888888888888888888888888888888888888888888888888888888888888888888888888888888888888888888888888888888888888881111111111111111111111111111111
111111111111188888811111818188881181188111111111111111111118888888888888888888888888888888888888888888888888888888888888888888888888888888888888888888888888888888888888181111111111111111111111111111111
111111111111188888881181888888888888188811111111111111111881888888888888888888888888888888888888888888888888888888888888888888888888888888888888888888888888888888888888811111111111111111111111111111111
111111111111188888811188888888888888888111111111111111118888888888888888888888888888888888888888888888888888888888888888888888888888888888888888888888888888888888888888811111111111111111111111111111111
111111111111188888888888888888888888888888881111111111111188888888888888888888888888888888888888888888888888888888888888888888888888888888888888888888888888888888888888888111111111111111111111111111111
111111111111188888888888888888888888888888881111111111118188888888888888888888888888888888888888888888888888888888888888888888888888888888888888888888888888888888888888888111111111111111111111111111111
111111111111111188888888888888888888888888888118111111118888888888888888888888888888888888888888888888888888888888888888888888888888888888888888888888888888888888888888888888111111111111111111111111111
111111111111818888888888888888888888888888888881811111111188888888888888888888888888888888888888888888888888888888888888888888888888888888888888888888888888888888888888888111111111111111111111111111111
111111111118188888888888888888888888888888888881811111118888888888888888888888888888888888888888888888888888888888888888888888888888888888888888888888888888888888888888811111111111111111111111111111111
111111111118888888888888888888888888888888888888818111118888888888888888888888888888888888888888888888888888888888888888888888888888888888888888888888888888888888888888811111111111111111111111111111111
111111811118888888888888888888888888888888888888888111118888888888888888888888888888888888888888888888888888888888888888888888888888888888888888888888888888888888888888111111111111111111111111111111111
111111888888888888888888888888888888888888888888881111111888888888888888888888888888888888888888888888888888888888888888888888888888888888888888888888888888888888888888181111111111111111111111111111111
111111188888888888888888888888888888888888888888888111118888888888888888888888888888888888888888888888888888888888888888888888888888888888888888888888888888888888888888811111111111111111111111111111111
111111111888888888888888888888888888888888888888888811118888888888888888888888888888888888888888888888888888888888888888888888888888888888888888888888888888888888888888881111111111111111111111111111111
111118188888888888888888888888888888888888888888888881118888888888888888888888888888888888888888888888888888888888888888888888888888888888888888888888888888888888888888111111111111111111111111111111111
111181118888888888888888888888888888888888888888888881118888888888888888888888888888888888888888888888888888888888888888888888888888888888888888888888888888888888888888111111111111111111111111111111111
111118888888888888888888888888888888888888888888888888118888888888888888888888888888888888888888888888888888888888888888888888888888888888888888888888888888888888888881111111111111111111111111111111111
111111888888888888888888888888888888888888888888888888188888888888888888888888888888888888888888888888888888888888888888888888888888888888888888888888888888888888888888111111111111111111111111111111111
111118888888888888888888888888888888888888888888888888188888888888888888888888888888888888888888888888888888888888888888888888888888888888888888888888888888888888888818111111111111111111111111111111111
111111888888888888888888888888888888888888888888888888188888888888888888888888888888888888888888888888888888888888888888888888888888888888888888888888888888888888888811111111111111111111111111111111111
811118888888888888888888888888888888888888888888888888888888888888888888888888888888888888888888888888888888888888888888888888888888888888888888888888888888888888888881111111111111111111111111111111111
811118888888888888888888888888888888888888888888888888888888888888888888888888888888888888888888888888888888888888888888888888888888888888888888888888888888888888881111111111111111111111111111111111111
888118888888888888888888888888888888888888888888888888888888888888888888888888888888888888888888888888888888888888888888888888888888888888888888888888888888888888818111111111111111111111111111111111111
888818888888888888888888888888888888888888888888888888888888888888888888888888888888888888888888888888888888888888888888888888888888888888888888888888888888888888811111111111111111111111111111111111111
888888888888888888888888888888888888888888888888888888888888888888888888888888888888888888888888888888888888888888888888888888888888888888888888888888888888888881811111111111111111111111111111111111111
888888888888888888888888888888888888888888888888888888888888888888888888888888888888888888888888888888888888888888888888888888888888888888888888888888888888888881111111111111111111111111111111111111111
888888888888888888888888888888888888888888888888888888888888888888888888888888888888888888888888888888888888888888888888888888888888888888888888888888888888888111111111111111111111111111111111111111111
888888888888888888888888888888888888888888888888888888888888888888888888888888888888888888888888888888888888888888888888888888888888888888888888888888888888111111111111111111111111111111111111111111111
888888888888888888888888888888888888888888888888888888888888888888888888888888888888888888888888888888888888888888888888888888888888888888888888888888888888888111111111111111111111111111111111111111111
888888888888888888888888888888888888888888888888888888888888888888888888888888888888888888888888888888888888888888888888888888888888888888888888888888888888888881111111111111111111111111111111111111111
888888888888888888888888888888888888888888888888888888888888888888888888888888888888888888888888888888888888888888888888888888888888888888888888888888888888888881811111111111111111111111111111111111111
888818888888888888888888888888888888888888888888888888888888888888888888888888888888888888888888888888888888888888888888888888888888888888888888888888888888888888811111111111111111111111111111111111111
888118888888888888888888888888888888888888888888888888888888888888888888888888888888888888888888888888888888888888888888888888888888888888888888888888888888888888818111111111111111111111111111111111111
811118888888888888888888888888888888888888888888888888888888888888888888888888888888888888888888888888888888888888888888888888888888888888888888888888888888888888881111111111111111111111111111111111111
811118888888888888888888888888888888888888888888888888888888888888888888888888888888888888888888888888888888888888888888888888888888888888888888888888888888888888888881111111111111111111111111111111111
111111888888888888888888888888888888888888888888888888188888888888888888888888888888888888888888888888888888888888888888888888888888888888888888888888888888888888888811111111111111111111111111111111111
111118888888888888888888888888888888888888888888888888188888888888888888888888888888888888888888888888888888888888888888888888888888888888888888888888888888888888888818111111111111111111111111111111111
111111888888888888888888888888888888888888888888888888188888888888888888888888888888888888888888888888888888888888888888888888888888888888888888888888888888888888888888111111111111111111111111111111111
111118888888888888888888888888888888888888888888888888118888888888888888888888888888888888888888888888888888888888888888888888888888888888888888888888888888888888888881111111111111111111111111111111111
111181118888888888888888888888888888888888888888888881118888888888888888888888888888888888888888888888888888888888888888888888888888888888888888888888888888888888888888111111111111111111111111111111111
111118188888888888888888888888888888888888888888888881118888888888888888888888888888888888888888888888888888888888888888888888888888888888888888888888888888888888888888111111111111111111111111111111111
111111111888888888888888888888888888888888888888888811118888888888888888888888888888888888888888888888888888888888888888888888888888888888888888888888888888888888888888881111111111111111111111111111111
111111188888888888888888888888888888888888888888888111118888888888888888888888888888888888888888888888888888888888888888888888888888888888888888888888888888888888888888811111111111111111111111111111111
111111888888888888888888888888888888888888888888881111111888888888888888888888888888888888888888888888888888888888888888888888888888888888888888888888888888888888888888181111111111111111111111111111111
111111811118888888888888888888888888888888888888888111118888888888888888888888888888888888888888888888888888888888888888888888888888888888888888888888888888888888888888111111111111111111111111111111111
111111111118888888888888888888888888888888888888818111118888888888888888888888888888888888888888888888888888888888888888888888888888888888888888888888888888888888888888811111111111111111111111111111111
111111111118188888888888888888888888888888888881811111118888888888888888888888888888888888888888888888888888888888888888888888888888888888888888888888888888888888888888811111111111111111111111111111111
111111111111818888888888888888888888888888888881811111111188888888888888888888888888888888888888888888888888888888888888888888888888888888888888888888888888888888888888888111111111111111111111111111111
111111111111111188888888888888888888888888888118111111118888888888888888888888888888888888888888888888888888888888888888888888888888888888888888888888888888888888888888888888111111111111111111111111111
111111111111188888888888888888888888888888881111111111118188888888888888888888888888888888888888888888888888888888888888888888888888888888888888888888888888888888888888888111111111111111111111111111111
111111111111188888888888888888888888888888881111111111111188888888888888888888888888888888888888888888888888888888888888888888888888888888888888888888888888888888888888888111111111111111111111111111111
111111111111188888811188888888888888888111111111111111118888888888888888888888888888888888888888888888888888888888888888888888888888888888888888888888888888888888888888811111111111111111111111111111111
111111111111188888881181888888888888188811111111111111111881888888888888888888888888888888888888888888888888888888888888888888888888888888888888888888888888888888888888811111111111111111111111111111111
111111111111188888811111818188881181188111111111111111111118888888888888888888888888888888888888888888888888888888888888888888888888888888888888888888888888888888888888181111111111111111111111111111111
111111111111118888181118111188888111111811111111111111111118888888888888888888888888888888888888888888888888888888888888888888888888888888888888888888888888888888888888881111111111111111111111111111111
111111111111118811811111111188818111118111111111111111111118888888888888888888888888888888888888888888888888888888888888888888888888888888888888888888888888888888888888111111111111111111111111111111111
111111111111118111111111111111811111111111111111111111118888888888888888888888888888888888888888888888888888888888888888888888888888888888888888888888888888888888888888811111111111111111111111111111111
111111111111111111111111111111111111111111111111111111111111118888888888888888888888888888888888888888888888888888888888888888888888888888888888888888888888888888888888111111111111111111111111111111111
111111111111111111111111111111111111111111111111111111111188181888888888888888888888888888888888888888888888888888888888888888888888888888888888888888888888888888888888181811111111111111111111111111111
111111111111111111111111111111111111111111111111111111111111111888888888888888888888888888888888888888888888888888888888888888888888888888888888888888888888888888888888888111111111111111111111111111111
111111111111111111111111111111111111111111111111111111111111188888888888888888888888888888888888888888888888888888888888888888888888888888888888888888888888888888888888888881111111111111111111111111111
111111111111111111111111111111111111111111111111111111111111188888888888888888888888888888888888888888888888888888888888888888888888888888888888888888888888888888888888888881111111111111111111111111111
111111111111111111111111111111111111111111111111111111111188888818888888888888888888888888888888888888888888888888888888888888888888888888888888888888888888888888888888888111118111111111111111111111111
111111111111111111111111111111111111111111111111111111111811818118888888888888888888888888888888888888888888888888888888888888888888888888888888888888888888888888888818881111111111111111111111111111111
111111111111111111111111111111111111111111111111111111111111111118888888888888888888888888888888888888888888888888888888888888888888888888888888888888888888888888888811811111111111111111111111111111111
111111111111111111111111111111111111111111111111111111111111811188188888888888888888888888888888888888888888888888888888888888888888888888888888888888888888888888888111111111111111111111111111111111111
111111111111111111111111111111111111111111111111111111111111111111888888888888888888888888888888888888888888888888888888888888888888888888888888888888888888888888881811111111111111111111111111111111111
111111111111111111111111111111111111111111111111111111111111111111118888888888888888888888888888888888888888888888888888888888888888888888888888888888888888888888881111111111111111111111111111111111111
111111111111111111111111111111111111111111111111111111111111111181888888888888888888888888888888888888888888888888888888888888888888888888888888888888888888888888888111111111111111111111111111111111111
111111111111111111111111111111111111111111111111111111111111111118888888888888888888888888888888888888888888888888888888888888888888888888888888888888888888888888888811111111111111111111111111111111111
111111111111111111111111111111111111111111111111111111111111118118888818888888888888888888888888888888888888888888888888888888888888888888888888888888888888888888811111111111111111111111111111111111111
111111111111111111111111111111111111111111111111111111111111111188888818888888888888888888888888888888888888888888888888888888888888888888888888888888888888888888118111111111111111111111111111111111111
111111111111111111111111111111111111111111111111111111111111181188888811888888888888888888888888888888888888888888888888888888888888888888888888888888888888888888811111111111111111111111111111111111111
111111111111111111111111111111111111111111111111111111111111111111118118888888888888888888888888888888888888888888888888888888888888888888888888888888888888888881111111111111111111111111111111111111111
111111111111111111111111111111111111111111111111111111111111111181111111888888888888888888888888888888888888888888888888888888888888888888888888888888888888888811111111111111111111111111111111111111111
111111111111111111111111111111111111111111111111111111111111111111111118188888888888888888888888888888888888888888888888888888888888888888888888888888888888881111111111111111111111111111111111111111111
111111111111111111111111111111111111111111111111111111111111111111111111811188888888888888888888888888888888888888888888888888888888888888888888888888888888888881811111111111111111111111111111111111111
111111111111111111111111111111111111111111111111111111111111111111111111111818888888888888888888888888888888888888888888888888888888888888888888888888888888888888811111111111111111111111111111111111111
111111111111111111111111111111111111111111111111111111111111111111111111111118888888888888888888888888888888888888888888888888888888888888888888888888888888888888881111111111111111111111111111111111111
111111111111111111111111111111111111111111111111111111111111111111111111111111118888888888888888888888888888888888888888888888888888888888888888888888888888888888881111111111111111111111111111111111111
111111111111111111111111111111111111111111111111111111111111111111111111111888888888888888888888888888888888888888888888888888888888888888888888888888888888888888881111111111111111111111111111111111111
111111111111111111111111111111111111111111111111111111111111111111111111111888888888888888888888888888888888888888888888888888888888888888888888888888888188888888881111111111111111111111111111111111111
111111111111111111111111111111111111111111111111111111111111111111111111181188888888888888888888888888888888888888888888888888888888888888888888888888881188888888811111111111111111111111111111111111111
111111111111111111111111111111111111111111111111111111111111111111111111888888888888188888888888888888888888888888888888888888888888888888888888888881811188888888888111111111111111111111111111111111111
111111111111111111111111111111111111111111111111111111111111111111111111111188888888818888888888888888888888888888888888888888888888888888888888888881111188888888888111111111111111111111111111111111111
111111111111111111111111111111111111111111111111111111111111111111111111111888888888118888888888888888888888888888888888888888888888888888888888888888111111188881888811111111111111111111111111111111111
111111111111111111111111111111111111111111111111111111111111111111111111111188888888111188888888888888888888888888888888888888888888888888888888888188111111118811111111111111111111111111111111111111111
111111111111111111111111111111111111111111111111111111111111111111111111118188888888111188188888888888888888888888888888888888888888888888888888811111111111111111111111111111111111111111111111111111111
111111111111111111111111111111111111111111111111111111111111111111111111111188818811111118118888888888888888888888888888888888888888888888888888811111111111111111111111111111111111111111111111111111111
111111111111111111111111111111111111111111111111111111111111111111111111111188111111111111118888888888888888888888888888888888888888888888811888881111111111111111111111111111111111111111111111111111111
111111111111111111111111111111111111111111111111111111111111111111111111818818111111111111111888888188888888888888888888888888888888888881811888811111111111111111111111111111111111111111111111111111111
111111111111111111111111111111111111111111111111111111111111111111111111118111111181111111111881111888188888888888888888888888888888881881111818818811111111111111111111111111111111111111111111111111111
111111111111111111111111111111111111111111111111111111111111111111111111811811111111111111881888111188118188818888888888888888881818111818111111181111111111111111111181111111111111111111111111111111111
111111111111111111111111111111111111111111111111111111111111111111111111111181111111111111111181111181118111111111888888888111181111111888111188111111111111111111111111111111111111111111111111111111111
111111111111111111111111111111111111111111111111111111111111111111111111111118111111111111111111111188111111111188888888888811111118111111111111811111111111111111111111111111111111111111111111111111111
111111111111111111111111111111111111111111111111111111111111111111111111111111111111111111111111111111111111111888888888888881111111111111111111111111111111111111111111111111111111111111111111111111111
111111111111111111111111111111111111111111111111111111111111111111111111111111111111111111111111111111111111118888888888888888111111111111111111111111111111111111111111111111111111111111111111111111111
111111111111111111111111111111111111111111111111111111111111111111111111111111111111111111111111111111111111888888888888888888811111111111111111111111111111111111111111111111111111111111111111111111111
111111111111111111111111111111111111111111111111111111111111111111111111111111111111111111111111111111111111188888888888888888881111111111111111111111111111111111111111111111111111111111111111111111111
111111111111111111111111111111111111111111111111111111111111111111111111111111111111111111111111111111111118888888888888888888881111111111111111111111111111111111111111111111111111111111111111111111111
111111111111111111111111111111111111111111111111111111111111111111111111111111111111111111111111111111111111888888888888888888881111111111111111111111111111111111111111111111111111111111111111111111111
111111111111111111111111111111111111111111111111111111111111111111111111111111111111111111111111111111111111888888888888888888888111111111111111111111111111111111111111111111111111111111111111111111111
111111111111111111111111111111111111111111111111111111111111111111111111111111111111111111111111111111111118888888888888888888888118111111111111111111111111111111111111111111111111111111111111111111111
111111111111111111111111111111111111111111111111111111111111111111111111111111111111111111111111111111111118888888888888888888881111111111111111111111111111111111111111111111111111111111111111111111111
111111111111111111111111111111111111111111111111111111111111111111111111111111111111111111111111111111111811888888888888888888881111111111111111111111111111111111111111111111111111111111111111111111111
111111111111111111111111111111111111111111111111111111111111111111111111111111111111111111111111111111111111888888888888888888881111111111111111111111111111111111111111111111111111111111111111111111111
111111111111111111111111111111111111111111111111111111111111111111111111111111111111111111111111111111111111188888888888888888888111111111111111111111111111111111111111111111111111111111111111111111111
111111111111111111111111111111111111111111111111111111111111111111111111111111111111111111111111111111111111188888888888888888888111111111111111111111111111111111111111111111111111111111111111111111111
111111111111111111111111111111111111111111111111111111111111111111111111111111111111111111111111111111111111888888888888888888111111111111111111111111111111111111111111111111111111111111111111111111111
111111111111111111111111111111111111111111111111111111111111111111111111111111111111111111111111111111111118881888888888888881111111111111111111111111111111111111111111111111111111111111111111111111111
111111111111111111111111111111111111111111111111111111111111111111111111111111111111111111111111111111111111111188888888888181111111111111111111111111111111111111111111111111111111111111111111111111111
111111111111111111111111111111111111111111111111111111111111111111111111111111111111111111111111111111111181111188888888881118111111111111111111111111111111111111111111111111111111111111111111111111111
111111111111111111111111111111111111111111111111111111111111111111111111111111111111111111111111111111111111111111111888811111111111111111111111111111111111111111111111111111111111111111111111111111111
111111111111111111111111111111111111111111111111111111111111111111111111111111111111111111111111111111111111111111111888881111111111111111111111111111111111111111111111111111111111111111111111111111111
111111111111111111111111111111111111111111111111111111111111111111111111111111111111111111111111111111111111111111118888881111111111111111111111111111111111111111111111111111111111111111111111111111111
111111111111111111111111111111111111111111111111111111111111111111111111111111111111111111111111111111111111111111111888881111111111111111111111111111111111111111111111111111111111111111111111111111111
111111111111111111111111111111111111111111111111111111111111111111111111111111111111111111111111111111111111111111118188111111111111111111111111111111111111111111111111111111111111111111111111111111111
111111111111111111111111111111111111111111111111111111111111111111111111111111111111111111111111111111111111111111111118181111111111111111111111111111111111111111111111111111111111111111111111111111111
111111111111111111111111111111111111111111111111111111111111111111111111111111111111111111111111111111111111111111111111111111111111111111111111111111111111111111111111111111111111111111111111111111111
111111111111111111111111111111111111111111111111111111111111111111111111111111111111111111111111111111111111111111111111111111111111111111111111111111111111111111111111111111111111111111111111111111111
111111111111111111111111111111111111111111111111111111111111111111111111111111111111111111111111111111111111111111111111111111111111111111111111111111111111111111111111111111111111111111111111111111111
111111111111111111111111111111111111111111111111111111111111111111111111111111111111111111111111111111111111111111111111111111111111111111111111111111111111111111111111111111111111111111111111111111111
111111111111111111111111111111111111111111111111111111111111111111111111111111111111111111111111111111111111111111111111111111111111111111111111111111111111111111111111111111111111111111111111111111111
111111111111111111111111111111111111111111111111111111111111111111111111111111111111111111111111111111111111111111111111111111111111111111111111111111111111111111111111111111111111111111111111111111111
111111111111111111111111111111111111111111111111111111111111111111111111111111111111111111111111111111111111111111111111111111111111111111111111111111111111111111111111111111111111111111111111111111111
111111111111111111111111111111111111111111111111111111111111111111111111111111111111111111111111111111111111111111111111111111111111111111111111111111111111111111111111111111111111111111111111111111111
111111111111111111111111111111111111111111111111111111111111111111111111111111111111111111111111111111111111111111111111111111811111111111111111111111111111111111111111111111111111111111111111111111111
111111111111111111111111111111111111111111111111111111111111111111111111111111111111111111111111111111111111111111111111111111111111111111111111111111111111111111111111111111111111111111111111111111111
